T (K)	S[µV/K] 	X10^18(σΩ-1m-1)	X10^12 W/(mKs)
100	0.000224045	2.14E+18	3.20E+12
200	0.000207147	4.65E+18	1.35E+13
300	0.000197714	6.88E+18	2.75E+13
400	0.000188349	8.80E+18	4.14E+13
500	0.000178921	1.04E+19	5.41E+13
600	0.00017008	1.16E+19	6.57E+13
700	0.00016213	1.25E+19	7.64E+13
800	0.000155068	1.32E+19	8.60E+13
900	0.000148775	1.37E+19	9.43E+13
1000	0.000143108	1.41E+19	1.01E+14
			
			
100	0.000192068	2.51E+18	4.15E+12
150	0.000198374	3.60E+18	8.85E+12
200	0.000199357	4.72E+18	1.49E+13
250	0.000198835	5.82E+18	2.25E+13
300	0.000197945	6.89E+18	3.14E+13
350	0.000196823	7.94E+18	4.13E+13
400	0.000195484	8.94E+18	5.20E+13
450	0.000193939	9.92E+18	6.31E+13
500	0.0001922	1.09E+19	7.45E+13
550	0.000190288	1.18E+19	8.59E+13
600	0.000188229	1.26E+19	9.71E+13
650	0.000186056	1.34E+19	1.08E+14
700	0.000183801	1.42E+19	1.19E+14
750	0.000181498	1.49E+19	1.30E+14
800	0.000179175	1.56E+19	1.40E+14
850	0.000176859	1.62E+19	1.50E+14
900	0.000174569	1.68E+19	1.61E+14
950	0.000172324	1.74E+19	1.71E+14
1000	0.000170136	1.79E+19	1.81E+14
